mass_ratio total_mass dec ra theta_jn psi delta_phase chi_1 chi_2 time_jitter
0.10977613043140896 662.4068853790761 0.5307914329696619 0.3335203326767924 1.7581497184852493 0.3892549849040329 4.794443204441504 0.019229001160432833 0.1661566275770142 -0.00023689358286720406
0.10193506163605581 657.4773907906276 0.4171425333618973 0.6062827820938743 0.6881374703596028 1.454318424742511 1.7740355240852723 0.003053849272029 0.24866421582155215 0.0003661218801614054
0.10793075436066284 662.256812672066 -0.17491640686262155 1.711685330247911 2.3591335672358578 0.7588980412445017 2.816258318887846 0.036409867523483755 0.021495649829111382 0.0004663309571807915
0.11149893664256731 659.5999890743573 -0.18894770527923688 3.8374080907931134 2.5569336841600006 0.702657241268094 5.466982587684796 0.0013553790172812503 0.20132885646722604 -0.00015959111756971622
0.11007684413142738 660.2710630437152 -1.4195296630081349 2.858258494053021 2.391143701810645 0.06742845143434606 5.573392570170684 0.027474157574264548 0.12501461550532533 4.36096096326316e-05
0.10588992644000002 660.7733278740237 -0.782559176034331 4.129154014600734 2.1454616752102993 0.7940613496393251 0.3041213348287797 0.03939795315913133 0.11067826924264752 4.023450469663246e-05
0.10799115411525466 657.566351498498 1.1788977632090378 6.268087263430086 1.3303170028061941 0.7884423481625019 1.7509572948138152 0.0016325709653590055 0.22776213715217705 -0.00043108213478050507
0.10870420385037317 661.025692008466 -0.659855970088064 0.2690297431731819 0.1969593736226092 0.7339044536453145 1.1554232310074275 0.004072798041338042 0.2339760570544461 -0.00040857305604531896
0.10066025742060529 653.8228355053616 0.20862233513515188 1.2090126822513383 2.4249422830716227 0.09074750275236558 4.526024195380636 0.0026718718655580793 0.4783506604500103 -0.0003172571123985888
0.10537032769336582 657.1670424604271 -0.5878771821161551 4.135164643221604 2.436111640797563 1.0571618017531572 0.004350823984632925 0.008075441543654947 0.1385917395006761 4.897118060894726e-05
0.10769166515651336 659.0011293943057 -0.32227347842251514 1.374546796180253 0.6045657494937978 1.5221372607472319 6.131407622731677 0.004835239561888899 0.15413185941403654 -0.00044485247021058025
0.10616616354547412 662.9531318669481 0.5261234662420465 2.588545838670056 0.8559088876385756 0.44988290071845977 5.703783065948465 0.028898095292196686 0.10795219659980071 0.00026526693470445913
0.10048845599253252 660.4069795504813 -0.1137371796565866 3.203875685817315 1.0100833650393795 0.4704652019051585 1.943532402847243 0.02916554705778726 0.15808073076374562 -0.00017474383908544538
0.10842547773271259 659.8079503687031 0.8120542891106028 4.663823527909166 2.6866663699821065 2.790324320579845 4.216678777639144 0.01748496352231813 0.052792299274826135 -0.00017105275515739982
0.10811025095314077 661.101950206998 0.9802427213138933 0.581540141880879 1.2602019834163531 0.48089917413378674 1.8460361164409649 0.028808130892149206 0.5628538738293192 -0.00015777203899617926
0.11045587122542372 658.5817111926524 -0.2783189048609226 3.898561905122591 2.221929903047748 1.5838371245884875 3.845342045676138 0.013800701065517233 0.04129026519592229 -8.513050336031994e-05
0.10717068397832569 660.4130372374186 -0.17884495222671992 3.3316361089944704 2.3555441848137892 0.5914961714590592 3.6727141610828844 0.02866799008996495 0.024555551652278323 0.00034701766583333164
0.1117763242407516 662.333735771607 -0.2905281317081116 4.917095001308543 2.228974321798033 1.6935229124712452 0.5010968367813483 0.013644230400785568 0.08458328465594316 -0.0002070274956198861
0.10894899633681215 658.159222627047 0.599989202854914 1.2049664199854562 1.9340243644219315 2.7213127921748863 0.5771149931705221 0.008689424746219915 0.2197680618157134 -0.0001962985295298725
0.10929412876968894 660.2212677582905 1.0386877207767258 1.29768117920394 0.27237960553713936 0.6054906013633935 2.6548613123362728 0.016423138409054364 0.23389416442214056 0.00020809901641387655
0.11125133238231467 659.4343437414802 0.1752364253234308 3.788331065792696 0.8092448755986795 3.1340448508306786 2.409502643077211 0.008808348831484878 0.09840230144971299 0.00015189874151351652
0.11025588825203182 661.4164987480888 -0.20313130226538886 2.190468106659374 0.8587913189960528 1.7997836997657641 5.875252804809703 0.008113822556129068 0.1398198094851832 0.0004345169595718928
0.10602566011460275 661.8014385957135 0.3500847505987284 4.759435170906672 0.18913124599735012 0.07842622854711992 5.568442023273321 0.019782686226187098 0.055209431747268896 0.0003872082320590266
0.10732012746644985 656.7043533589213 -0.2854278013634321 5.730736524327809 2.1638404779128293 1.749441695709281 5.3161298928819996 0.00039138460468471933 0.15749117994710146 5.024398333186521e-05
0.10857823472306602 661.0150498204865 -0.14837790009527152 4.277109482445989 0.8282121044228894 2.884191722996152 1.947354618708917 0.004517861342764365 0.10895027473312921 0.0002722084662986913
0.1132919255361228 660.8304316912418 0.23121229385419337 5.00148522401933 2.1021148093971336 2.4475937596561383 5.7751061111592294 0.008297849441801848 0.17262202563153084 0.0002203713065770088
0.10105975402941672 656.9527875223685 -0.4808995472358405 2.364263354776595 2.0637991205312956 1.9655498830206708 1.8703693880162584 0.012420443116047888 0.460913928237737 -0.00018991191925627084
0.10168578165272223 656.7162273130662 -1.394636956432493 1.951186425757245 1.951840621818222 0.3045320963390998 5.759708466644213 0.005645277977888772 0.3423256646963941 0.00037400028011806
0.10320988275599145 656.6256410512402 0.9557320899085032 2.3626029393683137 1.927736854588303 1.5372680823239164 0.7813777648362319 0.005209708237709395 0.3374482902525103 -0.0003551996821654813
0.10834576007748954 658.858103534279 0.6142500616798298 3.0539679382301337 0.3825801283390803 2.1380742881038035 0.6509285733236249 0.004304713979240446 0.31471713902567755 0.00012755227842248056
0.10350204484222711 658.4859438366425 1.2813250013035413 2.559222318917838 2.4274131997859767 1.044759702116827 3.225877456375566 0.012876344064695403 0.4073021754861761 -0.00040298237524080455
0.10548862112094881 656.719096569505 0.10510095464490647 3.338267331715271 0.4784551297338624 2.7942673167882774 6.031730247916749 0.013235015552288874 0.07197414029415035 -0.0002446228918529716
0.11082055586119921 658.9608540123977 0.18406610470414764 0.5927656630139304 2.0443126002500382 2.155988651072854 1.4576929542730324 0.002832667579628909 0.18010518777089185 0.00036509895721287483
0.10451806751376852 657.8898225291691 0.8518225523942837 4.380137208503013 1.0262628889985128 0.6581055842106969 0.8151701942095421 0.0025197926349004468 0.1638866567789892 6.112004931591356e-05
0.10619396017873838 659.9277566672663 0.1680198581435208 3.5622762060596527 1.0394315266132044 1.3302035626284547 3.286057943682745 0.013727909704576755 0.34200530741526897 0.00016757914273407863
0.10769199892048002 657.511744188036 0.30916120094286303 0.6362177703406533 2.297070862191323 0.7999221713107753 1.1267363573693687 0.003223068121071387 0.21474879746241024 -0.00048739885867584305
0.10143166800358434 655.0737584207893 -0.6498894511456751 5.872171921121537 2.157990610614019 1.2212662412670834 0.5305714389546721 0.00851919192281507 0.31582351015048277 0.00025614878819456895
0.10054780556738965 657.2403810903227 -0.7912977730907975 1.5478872299494455 2.2626827648450316 0.15187822947983437 5.9493505437077125 0.014169489663646052 0.2947663489295621 0.0001501750834479415
0.10885095293141404 662.9034614698301 1.280133340178574 6.2320653431589506 0.18864895960180902 1.0542704929212232 5.518631470439697 0.02544137364860281 0.4683829522156241 -0.0004748952595529729
0.1035740211709295 655.688255079858 0.7070027052178526 5.939129477685833 1.3294486435980095 0.7159090595409864 5.6364602949612 0.002738337303572682 0.10536453318437508 -0.0003574603547938346
0.10605419734125002 661.116524946384 1.346209342392494 5.7936177582128625 2.2131997508369707 1.0381579688197473 1.3532275333994077 0.015855660101433605 0.5818581127750344 -0.00015010590481430387
0.11265184249828117 662.9373278944854 1.3499218797355101 2.714531582214345 0.37135370992632316 0.5607796868920278 2.501688395235512 0.026724129788091057 0.10082363489752574 0.0002647525016547329
0.11039891555427687 658.8800691052938 0.1184634274433837 0.4233696416423691 0.9497921741888641 1.7935796024251027 0.7116950385634676 0.00020612035310910553 0.020220331285957484 -0.00015836404280797166
0.10353034121570695 657.1477105050415 -0.0037026227842659855 2.3835062556089834 1.46117959626376 0.4405684348089736 1.639317459193651 0.008920830378551067 0.24887851901829078 0.0003172499682444765
0.11053785969156806 661.0241541093732 0.12206198254787401 6.121287214920666 0.6543106081684393 2.0371032970706935 0.4518446073349054 0.008604284916292655 0.015500481552522481 1.9617495496535822e-05
0.10220606021550885 657.9266929842677 -0.5016817674561546 2.744004679236978 1.869134655680454 0.9638041837682295 5.61410055279979 0.015230397215348622 0.431217125936533 -0.00024109920174142195
0.10896738012141581 659.7595200827016 0.4653718771062642 3.220594794622779 2.359885723918199 2.8190884028506806 5.188991036771091 0.016894345964961036 0.1656558075695419 -0.00014673785543562324
0.10177609745547317 656.1164756205096 0.7736478415439771 0.8447021501652843 2.050367342909258 1.5418888087418525 2.987885207377224 0.007754610217609846 0.3130527508927178 0.00045787381909850574
0.10567240564499952 658.4078810610478 1.378023796628976 0.40254788978365214 1.9086023131810408 1.4304098538717283 3.3295237847181007 0.01057771770796114 0.30227252698051443 0.0004299026125364593
0.10226056483512835 657.5643979095985 1.2112735075775676 5.450052774331304 2.09309922485349 1.4379161178593318 4.559490292517582 0.014885725440710868 0.2806148170231867 0.00027669649203131076
0.10769695562486511 658.281372120666 -0.0432352217016859 0.33998431528401096 1.4303229843796648 0.14294329954550558 1.8977527112396122 0.005890053764999094 0.5204959344005761 0.00037901936409573465
0.10446443319193935 657.5417003760608 -0.10422950288758308 5.705823376775768 0.7838271227936071 2.644172501022815 0.21008250536646234 0.004344669996937784 0.34477401554996123 -0.0001697013283902111
0.11015699486349836 662.0244179983047 1.258502730136084 1.9123361785910038 0.3435941501204518 0.9963226757677195 2.1661705085221246 0.02218958153981828 0.04680153206278603 0.00038986297458202526
0.10378362566165018 655.7111857099245 -0.2305864264460115 6.0128017936307545 0.5931210507769197 2.350491959810819 5.005615062405444 0.0013192187949718276 0.5021066128248987 -0.00022169638121763305
0.10055364276618375 658.4537472794705 -0.38872710318129333 3.143787117800033 1.7096233411742296 2.6463837457692385 1.4359409323047436 0.025634228464418204 0.26261107143041795 -4.9827615937785865e-05
0.10429389750247621 660.5278742814212 0.7849696283997021 0.2305565891952318 1.1815467744480355 1.3451436425465424 3.2216045390501904 0.027330974824024842 0.3838866369807447 -6.825112149360361e-05
0.11087681246988472 658.6168180925165 1.0297538489279026 3.056608983157417 2.6977018637130636 0.27566025913300685 0.9368964515094296 0.006303956733507214 0.26992952180941576 -0.00027032664975112995
0.10435290980783873 655.8274604172457 -1.0004421722631682 1.5474142852307826 2.1347633809746576 1.5675003819603235 6.182832764227683 0.0030610916842456065 0.26073627327230026 6.492928807974065e-05
0.10785761113946699 663.0797394235362 0.5850921722766889 0.21375960687909132 0.3474395837564138 0.8559846062495632 4.8084612489567045 0.02719427067065586 0.23284609729860312 0.0004684667534742826
0.10597400122615247 662.2443227399799 0.8193122844027702 0.010309020301590683 0.7964434027994732 1.4856988958477166 4.33368808367031 0.03196676701206944 0.26617713932157994 -1.2741475875137505e-05
0.10060118620114494 655.1681379240897 0.3924733403713725 0.2334891895804349 2.0270073421245582 1.5004421501495844 2.2666438508367106 0.006145745670890372 0.43723072666452734 0.0002046957020603328
0.10202141750733278 654.6909780460987 -1.1353074661982925 1.1053037695630379 2.157131095347577 1.2893980467503385 5.360863956358183 0.002704069213407207 0.304243149570376 0.00014815930771917114
0.10603874893590653 658.3887314620628 -0.03958879056028612 5.310370072148655 1.0604400086051124 2.3387773972146944 4.937536617218552 0.006144948064494142 0.4720134569421855 -0.00013272474683339084
0.10637644576911129 657.556798050324 0.9135682102968374 0.48224657759609424 0.5691564298630808 0.8017897799277723 2.624940647637909 0.002757107668274091 0.485473297902141 -0.0002549817492110269
0.10291243941644769 658.9724312724716 0.8614566174997793 0.13804109455226804 2.6413815703989205 2.052566614875013 4.988911602262683 0.020821498319761565 0.471931029277296 -0.0002995158892336105
0.10832431891064685 657.2143584186219 0.024153756276244102 5.850066888074131 1.585883786521676 3.118336052107746 6.082692627225187 0.0014164390136113788 0.4026471705603805 -0.0004178115546763061
0.10869012089324287 658.1097164785583 0.20394665523246552 1.1940539419897784 0.9226315796781226 1.3557458583575963 1.174156914029417 0.0047897966254442145 0.33936331383276036 0.00042598058141332955
0.1067164481881569 659.3643434934017 0.7714212176959172 0.04096071701745217 1.0185244677102758 1.3762585028589904 2.353293904067431 0.015919932762118106 0.1475369915738512 0.00021485594429250228
0.10496523602082808 656.8276094941516 -1.1507061629691713 4.1725382106328475 2.5342760200307253 0.5617579279047862 0.5052312993614925 0.00370804391785278 0.11283182873472807 0.00048263099605447735
0.10091000303554397 655.8976565548538 0.18705272937001724 0.2952953745306728 2.410555932827349 1.1578370722383984 2.469592393847861 0.00856076222184682 0.41027131188073523 -8.538297520521704e-05
0.10722383959593243 659.7777309642013 -0.48280477556357804 3.465157383063219 1.855145584412019 1.2453294379326152 2.368573715760126 0.003599535114236119 0.16715367029266706 -7.187877068186868e-05
0.1071553339298837 659.1824275921265 -1.4463700017472112 5.42789255806583 0.9112472725303836 2.650098401515709 0.25761665879249707 0.007736493326260869 0.09865199111109463 0.00036770401884778266
0.1030276961600006 658.710731397003 -1.4109139932220598 1.9163252333966623 0.9396465366023599 1.1435528064475173 0.2793540831013175 0.008913494968806971 0.12296606110252235 0.00015573690870468676
0.10452185556484353 657.3622321365328 1.20185807214249 4.876357512866794 0.6632424767887385 0.011259373157906035 2.4472942659519243 0.005921278526376544 0.020833406516897742 -0.00021079041685999914
0.10795674532886744 659.8251034727954 -0.9951881890233513 5.01078721968455 0.8051084621867937 2.419217871584837 1.617657219672585 0.002530997853138752 0.013457299850151152 0.00038189257258788097
0.1007847635522862 653.9932146646145 -1.0699916858526866 1.2238226351133976 2.556286891787186 0.3906364274440857 4.89121531537231 0.0030726846798118817 0.3585171255549582 0.00036579300811801787
0.10588213556747961 660.1947497093307 -0.3773180506737268 3.0219185555106804 0.9703479493636109 2.632438153475475 2.5057125685167057 0.025838105720050734 0.10968166990634323 -0.00028288935348615136
0.10258550101175377 655.9967094499871 0.06532586873339917 5.840711367423287 2.9138822071420463 0.7105385403212052 1.452460248353932 0.014893588002240174 0.549212099201541 -9.695967466185576e-05
0.10024078551928767 654.358927704061 -1.154515031498391 2.1368358083498173 2.78955632907395 0.7988974109198487 5.375298692975684 0.006138683149844328 0.39952384572932337 0.0004641290040168101
0.1055742489252388 659.0150471729428 1.4363669725837975 0.4813354778363635 1.09132622483364 0.516658085587667 3.4228651221080253 0.010599750553488465 0.08787646572670636 -0.00039207241841637667
0.10310693780084067 656.8265756102845 0.7161248316907228 4.7479411484641725 0.9530533320371942 3.121870738735449 1.6537661193422064 0.0013996085351770018 0.11123991137092264 -0.00021647644169778615
0.10504757218562566 659.3581040302987 1.2485285720707646 4.489769944670993 1.529258172793886 1.557829082204373 4.085930042483252 0.01679602095474309 0.1199429794032405 -0.00026313356486811233
0.10291346648087259 656.8707500068244 0.14335064587852966 2.0514308008276982 2.574590537410719 1.4558713021789802 3.126902773807097 0.008920481738056936 0.33184213916125344 -5.036187088238093e-05
0.10548198516823273 657.6273915663568 1.1305965950105876 5.719094815520484 0.2788336727571499 0.032269368740271885 2.8752456201148515 0.005514629742113175 0.05161904669488601 -2.174020307337595e-05
0.10356185883708481 659.3838423718906 1.116269636502449 5.933756798727079 2.231639525007291 1.6088924493295167 3.469061555726703 0.020136480529148057 0.34569840781723554 -0.00034309912248885557
0.10141140423970973 658.3138960452106 0.9221920252764348 4.8827043934840395 1.9773085581513312 2.2442731846385766 4.2343472993593805 0.016851348111954302 0.3511139163865538 -9.986745822663243e-05
0.10073128552091647 655.8982614601307 1.2379309483267884 0.03203928196866348 1.7373911122480454 0.6040764336441711 3.132085030495511 0.009122726808317152 0.32932564856266405 -0.00016417251704843182
0.10411288858637004 656.2739263961364 1.317868765368259 4.397074417574514 2.2217714812579072 1.8649224015844994 3.1331911833593256 0.0032798211738635273 0.21264420776500598 0.0004078990902119826
0.10244813932571477 655.3284349638008 0.21798603151792817 2.4747289777815586 1.2691237302801206 0.14677943192335557 0.7108809092270123 0.005025838716144476 0.3129844912331267 -0.00030211774482277065
0.10307166355117077 656.7127827113306 0.21435875595518777 2.145350600624945 2.710675957111383 1.543822326013536 3.536956660600692 0.009235226455012463 0.3071708439061486 -0.00026086863455466764
0.10567711689365313 661.1023555349697 0.8447641946476739 6.023753640111084 2.6385055409303706 2.256957382836385 2.7750202271472317 0.023425993369660662 0.4109627995323868 -0.0002720802490475454
0.1003062249954755 655.4020432988921 1.0425773816184456 4.349358053728807 1.7487544989535657 2.003707503053318 4.645957694216725 0.0072028069016479125 0.3502360332913344 -0.0002577443354739913
0.10481784292507557 658.23519571674 -0.2845572888437485 1.9172668378151523 2.7985710325993085 0.42776877392719337 3.0779885263844626 0.005988620142796239 0.3246724331060784 -0.00035094057770316883
0.10394742831896712 655.6522167372499 -0.4109164402772684 3.2275654647514744 3.036301292188939 2.3648082863690982 3.8079471468811206 0.005737229477993643 0.3279918252138952 -0.00018805618387032188
0.10695155244318268 659.3440447573903 -1.4184379873930624 5.304880579654314 1.155930090928812 2.5397684701235437 1.0237237335888294 0.004003711179971501 0.03898274356417946 0.0004713975849396754
0.1065195633465506 656.8436664270935 0.27014669977284306 6.013172473546594 0.6671970737393195 0.7059768359881244 0.3809414247411637 0.0031486489941969036 0.33265885932661077 0.00038269093886428393
0.1006127305819399 654.3338029077054 0.15380050210856078 6.005025274400123 2.0450973522466773 1.133623619808922 2.546434487701293 0.002139254394412838 0.44441447072783097 8.495415260766797e-05
0.1054732859145463 656.8777989949023 -0.56437130018625 4.098720056082236 0.4053978141307295 2.3534420727697456 2.673397343268044 0.0006993017274784228 0.35009600630115534 5.4536556452800065e-05
0.10081129196165346 655.5958821549532 0.2908117611475586 1.3403829021551543 2.138213904245834 1.2709387817554887 1.9714529818821767 0.007797473570147677 0.4023236133788587 0.0002085463014422595
0.10396911348755625 656.1295417185597 -0.7141005802525384 4.155018825135186 0.774851719097814 2.163131780115191 2.0517203594017546 0.0015804337901112076 0.3968375258300789 0.00013508230232018833
0.11049291697289311 660.4835817375998 0.7009005616212589 5.864093440148811 0.6147527813532052 1.6572270556988715 2.101323973428206 0.014948871695952371 0.14962000454959468 0.00041248758883380453
0.10183124283102454 656.0890625961206 0.16309850956338254 0.8404362730078614 2.1031424913815266 1.0373380702610717 1.626512825975903 0.008826766124836216 0.4610184447782201 0.0003350050724633311
0.10654487541692793 657.5810145816804 -0.24809341410756156 3.116345852849685 2.252896993576487 2.9767998051634077 3.3053451720782783 0.007583067943628896 0.04603865300143762 0.0001754335113446446
0.10571940785620405 660.4470503289065 0.8628534681847088 6.087998861401798 2.429626475394952 1.8334933998087253 3.0390604040560087 0.021433186888745095 0.3822314751720087 -0.00016595679283821135
0.10312306748417864 656.3430968116061 -0.2547012723856365 3.320093804465101 1.083139973617849 1.7394658036507087 3.6362946351471397 0.0017149237094033836 0.3135062245933874 -9.627354935480613e-05
0.10594910241368298 658.4050076630101 -0.1645328519733671 2.615928326517716 2.6170490504410724 0.7399357913684205 3.635978825207973 0.0036664533346857362 0.31178711755931454 -0.00028279301727624157
0.11005787286145777 660.6128221324661 1.3641485893049994 4.155123420687472 2.332079803692468 1.163718327726876 2.340061649822049 0.015419002704912756 0.008485513011730292 0.00017500250131052331
0.10161095226485932 654.6095731225774 0.38556005056908815 3.305156253613171 1.3947036463766398 0.07500700635414846 0.923522830640813 0.00027466830268752396 0.28616864932817543 -0.00025789852964919685
0.10871785181758575 659.3858064408341 0.23937856448062156 5.988580301754184 0.6935835809868957 0.9353264922202513 2.875134701557017 0.0018714848912314934 0.07737877701035627 -3.9679337727630297e-05
0.10664108001372052 657.0853313049661 0.0067814359064309535 3.7899212671208513 2.421687123252214 2.773634452351117 5.258814308579152 0.0043769457102329976 0.20386723555380218 3.2418597778762566e-05
0.1009613071450088 656.3139680828453 0.5463393549631405 6.151043081171422 1.9675660526843572 1.25506750860895 3.030543828695127 0.011161691276897269 0.38351484037592815 0.00025221926370844227
0.10078391388464063 655.4381499048734 0.6641523809528852 0.08769555561989636 1.5832839947879414 0.31349141674498254 3.334362185126135 0.006743378481008095 0.32071334108727617 -0.00013831273542068477
0.10162718073932409 654.5199131558768 -1.340857847674913 2.0813250037839137 2.773482044195217 1.7685698681661095 1.3302233963523762 0.0012474385240013857 0.4819719913344576 -0.0002958314063439884
0.10224605190564406 655.4538952699803 -1.1313724284852775 3.1504147160291938 2.0073922734423193 0.583325571535027 0.6591745896183101 0.0016221681399368189 0.3250270451245901 0.00027987558110637
0.10114554220742795 656.5683620377382 0.5452747378364283 5.534599629038699 2.6468927882754625 1.4783219180146348 2.689066337601928 0.014304317406874222 0.44874843113703433 0.00015754899449754917
0.10175491024897321 655.2669944858394 0.6314981238628595 0.41816667870659563 1.0996438327817035 0.41272609573624897 3.7633715561276104 0.002577837295624352 0.3519737933619638 5.650380124106683e-05
0.10047159645261328 655.0667292068806 0.4307440275742616 1.2655022208877815 1.9818089622834538 0.7787668678275995 2.701261269933664 0.007005440243130837 0.3299891378528144 -0.00032161860771109246
0.10619249514292975 656.7092285190733 -0.38453137522335556 2.8803383005776184 2.187375848175653 2.928050981767686 3.481237672494306 0.004784182069513167 0.01801665503156338 8.193361151916567e-05
0.10713906249794526 658.3267010675138 0.9755273938362803 6.227830497480441 0.3663495206885999 0.9507588802262634 3.460295736769965 0.004638608273715678 0.041023047927414895 9.339831669343554e-06
0.10182386470847313 654.7190628328636 -0.8830192424887917 3.621481432207822 2.358413211651411 1.2150865516346938 0.7413847545131969 0.001291420320021534 0.34615648178364816 9.07634524387876e-05
0.10642781135355638 657.7694769503348 1.0358213836564332 0.4225188176734984 0.7235181867701812 0.42775200761214466 2.8782566709167763 0.001216444631769933 0.13159250416658103 -0.00038830391945218176
0.10296550582652826 656.8799786555596 0.6791280163683582 5.880594328449156 0.6862814209808288 0.3678969835539775 2.012695772893783 0.008195387845321951 0.15969547594872044 -0.0003595783352038481
0.1051960544543826 657.7808123959217 1.0247639240523594 5.876414628860511 0.4808294319313314 0.5398255880382625 3.177501805949324 0.005409897964981722 0.033221002739203705 -0.00034670142240400765
0.10483472999714842 657.3055730874909 -0.27760208903184114 5.647875301163171 0.3835690180486994 2.947483201860739 5.662397166151759 0.0015828001330129148 0.4322033832990797 -0.00011067044847525048
0.10427041820337189 658.1958941477321 -0.009288073546187603 2.8495396713084746 2.7030630047113564 0.2622042838664373 2.9341494738595557 0.005999330442643124 0.393655096079232 -0.00027442081310590904
0.10717691550572966 657.0148514757989 0.15388203340411366 0.7015436950349078 0.4611336182854613 0.9802056149056196 0.9333342222775248 0.0007581158990299897 0.3331449537474763 0.00042090025666282455
0.10190398146661302 654.7762234628735 -0.5396063661001808 4.3048258567375015 2.5678833345358676 1.1114429770403895 4.081675626979509 0.003883472247136917 0.36758873408277826 0.00029244483059537774
0.10021434487068162 655.4124851317733 0.26058667136239905 0.902296290359152 2.2243277215436352 1.130159172151603 2.1115525869443403 0.008976538280261978 0.4085147478081043 0.00012556430463621815
0.10781295556295059 658.4951128185073 0.5932504000556093 0.30871162274884345 0.5136128956838903 0.886938444811451 3.3683147953496357 0.000945394060356649 0.07287747837004087 -0.0004184037332897563
0.10618966207923396 656.6256258112328 0.4392716488889975 0.8262624331918541 0.7088957093341125 1.1085372255862642 1.1535301537360223 0.0028724663215837776 0.32563736770818114 0.0003810013447620717
0.10382777473179129 655.9928929686514 0.7113478142796557 5.440311856879137 0.5064778019908024 0.8586166825971147 1.9428182011457489 0.0006993372154640595 0.13212021676652885 -0.0002462797610623962
0.10141577320877983 655.8295991087837 0.32662170757463554 0.8180353762569048 2.2669283540123573 1.7276805739418577 2.74824404740857 0.008156966293880888 0.3525700669106004 6.523926871153862e-05
0.10105845780731726 656.2383857655349 0.3281867805871751 0.44410572381790975 2.2917280336073 1.284770831676623 2.6561078965874647 0.008907543395453353 0.38610557831940434 2.9498848489012863e-05
0.10974332892829834 658.1392652400698 0.5236021793426694 2.852681012288278 0.4409879278422006 1.6157500979657473 1.142731661618837 0.00012769808176101913 0.26152839801309036 0.0004053005899568071
0.10159709793625596 654.4838969262973 -0.9683074024513284 1.6576920647820845 2.700141705764353 0.8749504523266842 5.687813539160698 0.004404365886282493 0.33023831068221315 0.000443987975139384
0.10336607509017438 656.3014303851014 -0.4059690598300422 4.00078182744454 0.7985278095201909 2.1199477622828966 2.9896611784212417 0.0011617936653888531 0.3202051435263336 6.167252590826618e-05
0.1025617285914784 654.902071172467 -0.319214731029056 3.9439198624971157 2.490472343835828 1.8551727149007027 4.177493721892741 0.004328817492735863 0.32710730788597364 0.00019215213413507925
0.10213332275449183 656.5710549932651 0.7443646475162572 0.23482270735059135 0.6852596284236129 1.2997469770451764 0.7828219293184646 0.001552573779093142 0.005353967745558573 0.00016455536434967092
0.10364729409051499 657.2663281953254 -0.17835733943646537 2.7722296718488746 2.6211596917209716 1.108411268857511 2.11184305744207 0.006216878939837601 0.46888242581241013 -5.94267682310382e-05
0.1013398634362576 654.0294691758609 -1.4348808169853313 2.2136781718632106 2.889707428809307 2.3696585835519732 1.7529215127939701 0.002337474302938947 0.442880099661413 -0.00040018645782578777
0.10339971230632497 654.8759039175809 -1.0052130954520258 2.4311154461578814 2.163514468082994 1.481028837933808 4.123927638148559 0.002473344163396951 0.23952303306247505 0.00015857627771649206
0.10249633148865375 656.8802886087904 0.5626485096322712 0.6903882214929601 0.5822476400161928 1.0147014397942242 1.091551372462874 0.001871077515072558 0.0069297764162118405 0.00013119154711477017
0.10316673148207695 656.4108245983798 -0.3845745994421517 1.8137707013588618 2.508325295014864 1.0777555798519376 1.6987243332466593 0.002762462480268106 0.4540441378580883 -0.00013659594429946587
0.10360479503290342 655.0680674890473 -0.7783331812200034 2.6922018830513426 2.5426252972335446 2.040231219609209 3.8274698051970986 0.0013034528927396776 0.2878252331401232 -5.871580870889974e-06
0.10057209883360421 656.2231768682107 0.8303744110987693 5.834855289315363 2.5515118631850906 1.1921648947599204 1.722147424924858 0.012755263781907993 0.5278858633399868 6.541065120128171e-05
0.10087682658395193 654.9153087895553 -0.0778812250785971 5.814426191691208 2.300664764492181 0.33999942149039397 1.9962432964455885 0.0009616253235823236 0.4944666672374507 6.81810583149237e-05
0.10433963783563571 656.7251850563173 -0.3521677700122195 3.049430821093743 0.9468392218419264 1.459482818269992 3.391405859608319 0.001771351328682719 0.34169170739652066 -9.514997655435311e-05
0.1012683070069798 655.1929416219091 0.686795199101662 5.908060251301955 1.2733370786719547 0.29758668733617866 3.3581997687834995 0.0037989838265863763 0.35229206919399897 -1.640665662924572e-05
0.10070525836557064 654.3944465697043 -1.247323237637448 4.376860739622779 2.6279249899796757 2.8753716900199295 5.932182480532678 0.0027901797826545274 0.22735743411929962 0.00042510503943774816
0.10672381513282996 656.9426618783589 0.18525814352485193 2.770422943181461 2.3227300004918123 3.0959040238826003 3.1155593221306543 0.005853217496438756 0.05637019712614842 0.00015357810958954222
0.10383020117358384 656.1446847701854 -0.8196838501917343 2.9311199276693776 2.7916919115865495 0.8168503952812295 5.217700899958573 0.00294171176338119 0.16044986183947674 -0.000361556489512064
0.10464533763335818 657.9748218193474 0.6999473244771239 6.128187134278296 0.4618435958630136 0.3881444879593877 2.4557829402772295 0.009084695917226495 0.1298613007535156 -0.0003887992833069851
0.1043005493946298 657.2968463347307 0.8622157457822274 6.082002991590003 0.47272746112868447 0.14076165080289407 2.990825637186423 0.007092204552906443 0.07225918243182103 -0.00030161692718439035
0.10149649379456688 653.0177299786178 -1.2592215161911788 2.4362074789509753 2.635245799719168 0.76564287192524 4.86802617074761 0.0014304261525425394 0.15205243168904625 0.000250468805323825
0.1029836908747475 656.5810551855725 -0.463849037622567 1.533720474909335 2.584365216866483 1.3749340751780386 1.7717944184064782 0.004871129045367148 0.4276893619750016 -0.00014127415046404947
0.10664325565735891 658.4115329820085 1.1656027129480415 5.715707000446319 0.4234612550756196 0.6794792985714391 3.306864883294537 0.006142644923593712 0.005915372746541872 -5.2823701742021065e-05
0.10116863538467612 654.9070968093786 -1.4914195654320843 4.271071538522437 2.710989824472278 3.054534476980875 6.189717559850261 0.0032511400383139024 0.1994442475639727 0.00046358756830318934
0.102486971032804 655.977177071203 1.0920405192535527 5.769656642605858 1.9001501882912106 1.6377583187116231 4.303768195097673 0.005015680999866736 0.2704174309781187 -0.0004320936620274922
0.10680874388725645 656.8170976365664 0.46455790117699297 0.021579868556071816 0.5656328999746482 1.0289543705750173 0.7184685375687566 0.001404886493710929 0.31824009555743943 0.0004086472298948144
0.10138566881634083 653.6606007755745 -1.047846287542867 3.2642050332243624 2.569576558492445 0.9643406775604834 3.8494797776203593 0.0009077700216903743 0.3315436783188292 0.00018190752887289148
0.10079298645015808 654.9184106446005 -1.0972898337453003 3.7690896277870016 2.4450126924558147 1.2035685345017433 0.8474124206564126 0.003402240293143048 0.3531731599629732 -1.897783393975432e-05
0.10079279969562695 654.0777731705857 -1.110433335367433 1.602579882529201 2.810492775591085 0.7923760279965552 5.206418782381644 0.004718647317448846 0.36353241363778604 -0.00045849053880897463
0.10426009478367336 656.5085658828407 1.1115002143714579 5.379696693099653 2.389282675292348 2.017519363256753 2.428199760606734 0.0006601002136786704 0.1908605596266157 0.0003706653525185295
0.1036633901412691 657.0554655209277 0.7824523094150985 5.5053858379613985 0.7516355162312391 0.38166672590703565 2.5532441934350296 0.007185169490205056 0.07051334797974822 -0.00030396392658993735
0.10235576137474865 656.9176425114282 -0.2691951141245918 2.9725373539886015 2.74739151822851 0.4723816330420584 3.119300412383245 0.005816037015640394 0.37530213173884 -0.00031826128825471737
0.10088872751570375 655.1532152124004 0.5811183569188785 0.08551119090580132 2.047900542162771 0.6775392772162139 1.6347314230579142 0.0034827889077739182 0.5004600536014325 -6.0348410671691205e-05
0.10456087719511312 658.2326573159667 -0.328137529465181 3.0605590940425746 2.8535349354797144 0.5174199773723999 3.178442733425845 0.003923400106379274 0.3770764373222223 0.00041410096205005153
0.1005371978393516 655.7652575414947 0.7792042322831427 6.1279600901639055 2.6352680349147577 0.8604258430922693 1.5651843234898537 0.01202753380294667 0.5256072106400335 0.00021103739454482527
0.10288242694880957 656.4627082081597 0.6926449208236479 0.8705584277722968 0.6102708209787776 0.2071895256044743 3.0667338562782698 0.006947425068665333 0.13919655771233747 -0.0003864839487234456
0.10287458103381614 656.7362308016335 -0.10084163594885327 2.776084794591179 2.526864756967436 0.8162110326527849 2.3928627075454996 0.006279963209114707 0.4432762486736381 0.00034902660296172287
0.10022674842723411 654.9953841852827 -0.010004857429013013 5.708263786528253 2.629811358817864 0.039935825802756786 1.8520904927228103 0.0033814158851475868 0.5149118325722988 8.583283543235978e-05
0.10292160361732934 655.5031053632183 -0.8658275297540574 2.4329432482339297 2.719998613750524 0.5809730280652015 4.584874016740148 0.003533566816122237 0.19330944316187026 -0.0004594530124774172
0.10130098152178497 654.4159365577264 -1.2956097200984864 1.6289984095566585 2.8405897812041503 0.698436059730661 5.788456455090925 0.005371963853354087 0.2994477293585474 0.00042604877189271885
0.10421822654883973 656.5916971017498 -0.5405361472514089 2.7205033229892446 2.6671128544436553 1.198512410661193 4.723586525507235 0.00196820350465955 0.19803558868520998 0.0004624676705241136
0.1029341474775677 655.8521045839132 -0.5969881644322369 3.6220543067854147 2.8409967912198106 0.3417943954036738 6.022966082852092 0.0065494857906028365 0.1284316244200854 -0.0003340060508975499
0.10341180455924505 656.9691016722079 -0.4275613674029861 3.015318273465252 2.6991364334616845 0.8440808914016955 3.529890047503665 0.004612186320816674 0.3375672203456404 -0.0004283757616697936
0.10418692752853809 655.9066513386304 -1.1469036829297645 2.59547749071431 2.7579638662074495 1.014185415951209 5.183853214610893 0.0007079456328321011 0.1412740574475639 -0.00044198938106911295
0.10207816168763391 655.7913338615931 0.20771098588425588 0.5306815359143369 2.5458637657092726 0.4177533040591107 1.6393827874513347 0.0014385624663131556 0.4853260678900587 -9.363987078760317e-05
0.10404870175428146 656.2082838124417 0.5043444199608195 0.20021934085635806 0.4981155868200543 0.676252840906134 2.172474138954657 0.0015554743758164561 0.1790895292365869 -0.00026240133601327634
0.10046665851575605 653.2312316867183 -0.7678507182484974 3.3044766555820657 2.711797044875534 0.30495311604352204 2.8711687953159233 0.00029129981075206137 0.4284050295272994 -8.833296419854815e-05
0.10266941450208562 656.8289874243505 -0.20355474186943692 3.009260725240116 2.5820058084319664 0.5708036632964919 2.3175628971236573 0.007352734876802301 0.4602119604816733 0.0001393285770476618
0.10099676987766844 656.8604023171661 0.8642884723956996 5.293630292974315 2.7636651393179155 1.0511099245981859 2.4854542672510327 0.013709477610698564 0.4930222953444598 0.00019574986297908983
0.10419200752237143 657.764116061345 -0.39720386920314094 2.788070910620602 2.786737534930112 0.6531296300048197 3.810100726394491 0.004632885015241728 0.3012905100247811 0.00045767569720993513
0.10185739639029164 653.4023280659985 -0.7041501708657353 2.811003455376485 2.954489479591631 0.49470035692520187 5.49219392031684 0.0021083663017559336 0.12512597097349545 0.000478509309188277
0.10364024188554923 656.1841502432328 0.6698873644056996 5.107334393659211 0.6110846792131814 0.9604393550457271 2.222710245989213 0.0009975507345509832 0.08460530163323202 -0.0002301711901144486
0.10134255222122063 656.2981934679865 0.6956575423772534 6.122116741730034 2.700689446183258 0.9710334569515474 1.9397915282817058 0.01055946811606432 0.4882647087654124 0.00023049091860282496
0.10314425135140161 656.3765234990374 -0.6251045406543912 2.3615478751331382 2.654601849265856 0.7295276476723002 4.274929037711753 0.005942088154067909 0.22134955426238345 -0.0004617764292160489
0.10458471473386907 657.8860100986778 0.43669465556888104 0.4927489787583136 0.2939673841484131 3.060686138814601 2.6913889355269456 0.006944312530422083 0.14542240929365008 -0.0003299472539077109
0.10386083474103026 655.9124850385198 -0.8207751606273235 2.789857495436931 2.6714805318650616 0.8715002949141124 4.795202125743223 0.0017188677137637172 0.19567983098489988 0.0004468004181069256
0.10391525198891492 655.916094390123 -0.7887488683649245 2.937315524600893 2.746710724013466 0.7992637653863337 5.473186452040943 0.002552700148239129 0.14109374442131128 -0.0003665630083218292
0.10141309918242046 654.9059910916064 -0.9560881112227277 3.7801400219192893 2.347815094184898 1.733961374195094 1.267829827017915 0.0036744971091048463 0.31116641670057044 8.862970381896536e-05
0.10073183623455294 653.2645569400609 -0.8173755450767336 3.2247563658904785 2.6508800373760346 0.4995337972560532 3.7690998144981305 0.00025100925989133914 0.3327985487494759 4.9827231884669895e-05
0.10325469515441428 656.3224907145952 -0.761270255622916 3.0952458883372502 3.0945483120786186 0.9715059870171023 6.048495560244821 0.006771344686925789 0.091195280513561 0.0003616229295394101
0.10661801133587132 658.0492125284673 1.0242075403044322 5.442506679420511 0.5037196315899815 0.946504331437873 2.808289935260241 0.004817331174874539 0.0374536743179037 -5.303737119285681e-05
0.10634245615267635 658.1865579109328 1.0082570001772093 0.2435762592644583 0.5684199527338921 0.719186955735691 3.3069642707026743 0.0023376297636523054 0.07913142936211756 -0.0003110013365691924
0.10114285282144417 655.9572940493151 0.8173539305940133 0.1339604754830683 0.9216569329376774 1.167072270548041 0.014073527984807793 0.0020625309005103828 0.07363006216084463 0.0002755061902573687
0.10291011805401598 655.9633877446272 -0.7455249797604325 2.469552017184844 2.787099393637276 0.7242028633759221 4.264937679984174 0.004415628652009927 0.22551655094700612 -0.00048128010349564126
0.10268795700644763 655.8964995123843 0.5001707245286491 6.2602360721399535 2.53991757560152 0.3727172311475745 3.1733345687565424 0.0003261550089398329 0.36142742398392624 -0.00030709682758718756
0.10367185860085883 656.8636891165031 0.7958938379224973 6.044913127797399 0.622074188206717 0.25802823590362706 2.6519163508853287 0.006269418663765943 0.1057072196422674 -0.0003553078575941553
0.10600336050616473 657.9905375980592 0.9285844359191723 0.5413370966940597 0.6426497334656961 0.4744280733848872 3.4107055059699842 0.0024577514585812253 0.08987742746658339 -0.0003984850998447152
0.10295891909004344 656.208428324923 -0.5294497521950431 3.1701868952992154 2.874046058144579 0.214473422313962 5.174257042003044 0.006594139773496395 0.18419448399995494 0.00042454371516296194
0.10335548694209676 656.8767896593864 -0.3794092649958441 3.0200487779349534 2.5808158487667003 1.0931576944873098 2.806821155485445 0.006820547364414731 0.41395495835421464 8.005005947264265e-05
0.10255450479351971 656.4019723310994 0.48603937017945187 0.3097105173742488 2.569362196136515 0.36035807682808557 1.492486932781311 0.0017030218542677155 0.5083105546142258 -9.055150824930638e-05
0.10183697804143796 654.0775665465692 -0.8376231752946761 3.515273776961337 2.698048750921546 0.3407529468714725 4.78355764510668 0.0006322469175974527 0.25227950695187407 0.00037721916859646885
0.10506588762419251 658.0631804081938 0.4713846621844538 0.6314034610259952 0.3219580936881206 0.2270134250662881 2.85091158289097 0.007051701565789969 0.1395761413432733 -0.00036946028994039933
0.10405895647440731 656.0499337170088 0.5029715296214304 6.062934348756782 0.37667933416487154 1.0793421311040736 2.1477674427460367 0.0025498922437243716 0.15723592584746424 -0.0003444320187293974
0.10374887663993626 656.0062223328916 0.6014623470620356 5.238809041635374 0.6990783102862115 1.050546057254833 1.5452007238946381 0.0006447594812717256 0.16257081180427627 -0.00021440783533652674
0.10359930018846815 655.9654531750907 0.549364416902515 4.855128151356346 0.7193484162840055 1.2454919044639878 1.3004363283022118 0.00031779132190889157 0.1636952598747243 -0.00015303609790424732
0.10287248687695656 655.6529601322022 -0.9739837302416372 2.875709113336916 2.9395504801863943 0.19402732646636958 5.641097017746352 0.0061896810720304465 0.1176763483183762 -0.0003705671480969205
0.10195382843757629 655.7990267997013 0.47378425087634535 0.34200249247410824 2.4840167088968252 0.44826194232264 0.8234393997037606 0.0014453150251014025 0.5744898896968715 7.384362336567362e-06
0.10396406160107861 656.3986658101235 -0.6011213932857185 3.545274826152154 2.947932651912201 0.451200246067676 5.641688163783466 0.002266353346062699 0.16097755031526687 -0.00026601935583779276
0.10399104611419169 657.5960365676815 -0.3946698148378886 2.2531457009490565 2.948366234943284 0.42943708723356816 3.4364217220414184 0.004063118830660666 0.3039574473956853 -0.00036420381434242445
0.10279938575594273 656.217972417275 0.42431240342951665 6.272659997632839 2.605292958316252 0.9885008729297114 2.9081427842032834 0.0005331586024802722 0.38450928569910503 -0.00016259454790100024
0.1016093357152835 656.3503268738227 0.8144908341431895 6.239821896975626 0.8781506182925471 1.4740959131937392 0.22868972485442068 0.0016873158422820744 0.04346882938256536 0.00030004322901914854
0.10468962617305701 656.6546077688942 0.5590788287784738 5.681496668883168 0.2866587210336792 0.8759611041897334 2.1473944742969007 0.0021002896768302407 0.13442196335913248 -0.00025478520389501735
0.10502045775005367 658.2611403682232 0.40990225711318257 0.6450115859335182 0.26107612398145597 3.0505010427347075 2.766445234824094 0.008030500224776015 0.1467481524131785 -0.0003453802172604234
0.10243576474278056 655.6390623236501 -0.6890681754728128 3.0296946791282324 2.8229143173881677 0.5327980839778517 5.028194871158511 0.00624427705533687 0.1885394835851779 -0.0004744031422309152
0.10384489705421472 656.1500996349431 0.5980070819185704 5.142307049268828 0.5181128774777195 1.2018935031429752 1.6613182161523552 0.00034651673920906657 0.14393242735714362 -0.00021770310363728335
0.10261936062905226 655.6036616922427 -0.7544449703519134 3.1920728723477376 2.8908204424515636 0.6357605465335655 5.625848222972593 0.004288696835795933 0.14247332266644716 -0.00033620964884694565
0.10249266337503818 655.7150578807357 -0.5740247328100127 2.4255638375720583 2.686963935606153 1.5455310687082928 1.8979319663786973 0.002902638741360907 0.4689958003755377 -0.0003229478673033346
0.10367242736125203 656.7493546404429 0.8291749043923582 6.189550660714818 0.445149005411072 0.2727766932577369 2.812564127375348 0.0065826297653928355 0.09402167453657627 -0.00036963448201052636
0.1040347934991582 656.771689932692 -0.6043394915496689 3.3758581660869833 2.955125642634047 0.42050454041107754 5.648461789495319 0.004680311556554685 0.1464528411188875 -0.00044669009896842755
0.10834991298869874 658.7105646663459 0.654218550778479 6.282190942604938 0.3669217621942493 0.29077536217871286 3.200453188246361 0.0010153735506465821 0.06510966552431514 -0.0002462611637106741
0.10289455169552017 655.4423061947925 -1.2564205227176095 2.5088370573972063 2.889528976586294 0.190274484084491 4.983767010091769 0.006587391399367617 0.14764845467389268 -0.00011340518834760608
0.10081164997021039 655.339150290309 0.13737991709130798 6.03044540939312 2.595231017249302 0.3615679935070601 2.039526066980605 0.0017379148320395338 0.4841130460495502 8.372825789694635e-06
0.10302564189646764 656.1252717751097 -0.717821952316958 3.518818164078856 2.840810208046673 0.5621483101055643 6.111243190978298 0.006153664946766978 0.11536774566675122 -0.00042777292974664245
0.10654537526640849 658.2238713941994 1.1082227907881532 5.681866209517813 0.1774518843751713 0.3308554685377587 2.9485744836424908 0.0018277041405785415 0.04384170117618197 -0.0003022789514614669
0.10537641511678636 657.1358455921683 0.5554977235164171 6.176004461204415 0.2029105407537614 3.1028841351045666 2.455687934810711 0.002955213890200455 0.13408749796365574 -0.0002958930068744084
0.1030817121264658 655.4534958916415 -0.5651700101095246 2.9681777404108693 2.767167964032144 0.43283298628500005 5.091165582263419 0.0030183205153311854 0.1783082991767103 -0.00037417465518792064
0.1042530841337034 656.1391750114662 0.5220532380954959 0.3845301419023754 0.7082268019943901 1.1464918717835022 2.5460957406183518 0.0018978634544591037 0.1551013314198917 -0.00028677165937264157
0.10348001133096586 656.2912002755878 -0.7100631666126594 3.6032378901708864 3.044550860781031 0.37086268372032916 5.517125994287617 0.0045063747523560035 0.18165164282133098 -0.0004304930678449023
0.10442241801932939 656.9526249295884 -0.7620470818101985 2.960312986632297 2.979527561976512 0.889102590031981 6.282355144076338 0.0060138643005187955 0.05777314416036775 -0.00042472476361857334
0.1026274857679438 655.1340382179012 -1.3583949910295705 2.683839406880769 2.8258401593958937 0.25506112447788487 5.383318510394193 0.006036908653441223 0.12200930762470948 -0.00016908316838821114
0.10446783643122982 657.1143795234934 -0.5178599459221668 2.9688906288618147 2.9584901930374303 3.133691392375204 4.965845948003288 0.004100320945896193 0.1927061942855777 -0.0002668234277243889
0.10269995878489985 655.7931632022196 -0.7390711251099504 3.6256464984898558 2.8619803564622783 0.7388357998440317 5.407713285474285 0.004355478791876691 0.1941796247304898 0.00046909034388648593
0.10316422057898471 656.7380038223114 -0.711246437374706 3.3578154090020944 2.970288066519919 0.6637458522474082 5.048711172654612 0.0058018559022638225 0.20883762321450908 0.00019857167709477254
0.1029869395246235 656.4308015259537 -0.5369770354095034 2.6456541899246893 2.742303694691151 1.4541547803633277 2.2242906228892356 0.004980451432407512 0.448341581322483 -0.00026462691883137504
0.10376235966233738 655.9483453223284 0.5264801143677745 0.3599637045928105 0.7992102651373169 1.0103315802461412 2.4643960551052486 0.002353488937525776 0.16204427323871318 -0.00027197583409895135
0.10056978500860857 653.570566443884 -0.5850941114858172 3.1660333561080987 2.6681440771935168 0.3382905988407603 2.346394213642574 0.00014228632971455022 0.4676159028088639 0.00012609624175380666
0.10436084090417855 656.7977560427562 0.7837026374702938 0.2546231998858168 0.6156845706830115 0.34377687496930875 2.753963482254203 0.004994047226183045 0.1283995878384089 -0.0004441254392523392
0.10503997686745087 657.709152862474 0.6260203488433954 0.2030915151689099 0.6985149649198407 0.5536635693383457 2.773379456249956 0.002197464914259721 0.12162263849763495 -0.0003530470404987773
0.10426403190411661 656.5055682974821 -0.8902027370077424 2.8770477706683977 3.085234213823282 0.47628655364909134 5.480537179659696 0.003312095269074939 0.13102755684089606 -0.00024337738589399316
0.1031769548839083 656.6263065153568 -0.6407951235389326 2.869031771142994 2.861177913901856 1.1751633568157909 4.407430607100114 0.007105486682722467 0.2424339420609756 0.00016726653147274744
0.10404204185822927 656.9055530829123 0.9072132792105799 5.834030202461149 0.5643171972391023 0.24748445230816687 2.581879973776914 0.005411508571031171 0.09603674829799146 -0.00033719909335090334
0.10244272764259003 655.7168753842777 0.4924754414466743 5.9673355735035205 2.4953292450800473 0.7493293547144787 2.7909829532295416 0.00012270151441909176 0.41495520970121486 -0.0002661267178904488
0.10419879137656991 656.3631966698376 0.597956958832781 0.06510637470814883 0.6711933606054569 1.079072807934324 2.5854450861063336 0.0018902271948935273 0.13072308655666345 -0.00023558721473401425
0.10515152026744735 656.9319190614536 0.6397270148582902 5.782325873205118 0.12779456189856248 0.6305001613128531 2.398203751966218 0.002437721863470128 0.1145509602611636 -0.0002775867391313631
0.10418477068485914 656.7590203348547 0.9433948970266812 6.058623746865848 0.2616234167141934 0.604125869113718 2.424574100226425 0.004816738247706057 0.12853778276205327 -0.0004195785089096151
0.10338989913755642 656.8163914454965 -0.47507593336514825 3.1402774090331316 2.713279176099826 1.0782497906312036 4.162526174291754 0.004816171657010708 0.28345237371793236 -0.00041433777139534915
0.10377286710589415 657.0570366713632 -0.600546507687702 2.81444525202198 2.7544769254372508 1.0704108744160612 4.262415126944729 0.00501090788875977 0.2541864840785706 -0.0004469199385828229
0.10551009853654744 658.0978586594849 0.7380516446191107 0.18994715678065754 0.22951105744719233 0.7733203783552636 3.1775511042236895 0.002720472891234513 0.07942829278860393 -0.00038183099026090913
0.10426023260633824 656.6625491258044 0.8139247886917285 0.15945760782831034 0.5554763023263645 0.37641579398885655 2.78919251823728 0.004914135697192332 0.11980766512708055 -0.00042093628409125
0.1050251681468496 656.6830128876745 0.47843923683908834 5.5453583094742696 0.6051881849543922 0.8031229704173738 2.0933385042011596 0.0018988917663061596 0.12964994162603372 -0.0001314070921291852
0.10514475144390682 656.7689507250848 0.5802899309098338 5.7077233466167625 0.31623248189231334 0.7577959760685162 2.2081987852446168 0.0016465474424014717 0.12924620081298246 -0.0002474614523087719
0.10554199933433447 657.9152621955186 0.739487923724265 0.04536499990182449 0.32117334735492864 0.5420011044588928 3.2305091173418714 0.0014683757188479782 0.06383501932434832 -0.00034838982541043103
0.10413391019446559 656.638958173583 -0.8369080877775043 2.5518495530405203 2.8270117150508325 0.43963212165601256 5.086050412461117 0.004856852927886005 0.1494884029245316 -0.0003197653362241997
0.10316477126274413 656.1340371590616 -0.7602011112676524 3.480462069512176 3.059574356478731 0.599649129721098 5.313591009625543 0.004832992898802289 0.19162140536787645 -0.0004162329474068955
0.10278143268080137 655.5892283912351 -0.5408901565605166 2.784371481291783 2.6654867568605383 1.098968474919981 5.342071677152617 0.005026411309233623 0.14131028353115704 -0.0002962866608211979
0.10447802064313312 656.5962645581437 -0.5764901729159104 2.7014618124011833 2.4014336864156443 0.4087715866818591 5.14785478726779 0.002278904202679304 0.15540347205445118 -0.00033720531517743806
0.10325401879134198 656.7733061906966 -0.8593849841118283 3.27237036949293 3.0343580143866893 0.8431267990340539 5.030417354865835 0.005744345570359321 0.20856773416616944 0.00013778439489047325
0.10291988624865431 655.9425622999943 -0.7671605202798945 3.355970202443187 2.9807464531681873 0.5838909037089629 5.321182607143958 0.004701418948285742 0.1814755815500371 0.00044003262462527525
0.10334855965629317 656.5467362066148 -0.3377582663246399 3.234730266882067 2.4786022997851327 1.1049550594131627 5.905949675883466 0.006025383145209352 0.109821009395842 -0.00032897335911851464
0.10321585818401281 656.8303454768122 -0.9386291095474261 3.3260695229641164 3.039039230506763 1.0326480443884254 5.120531312132845 0.005729195567584064 0.2026765769137897 0.00019202764224059957
0.1040389851298099 656.6564065262935 -0.7519115970441742 2.840266340005202 2.582581316581289 0.5393573887351332 5.464138320496369 0.0042390321535097815 0.13272696698232225 -0.00030494446455645453
0.1025450696465067 655.4447974177367 -0.6171513612602715 3.190972275575221 3.033876990952983 1.187140696370488 5.531314443643453 0.005277870542414978 0.14560636056775497 -0.0003251154091489715
0.10362280371614183 656.7340310116069 -0.6758214917031313 3.4587044062165697 2.9330624699782835 1.0287311946213376 6.057914222696641 0.005183213471254733 0.11189082906145525 0.00030102876687702527
0.10370345569187486 656.2050322428195 -0.6598652611703962 3.291880954486762 2.612509142184443 0.5526751351614064 5.465551491350425 0.002555364773907356 0.16381048050730768 -0.00034757597085399044
0.10379227517644182 656.3441994539712 -0.6563490039262739 3.0233728092652 2.5955532298442856 0.5859337414529847 5.087185360708593 0.0027111028426881267 0.18405671980778743 -0.00033567477638728703
0.10411249002873041 656.5511035193334 -0.868084027549919 2.926571846024235 2.8515482497078266 0.5206931456727917 5.152361632256499 0.003866628027625962 0.17081788851298746 -0.0003269701468748322
0.10385263973437146 656.4931288226503 -0.9000882827507262 2.9012259768616215 3.042057236254723 0.8825935174963542 0.18926744264711845 0.006424246604754041 0.03473183117487347 -0.00040317446055240314
0.10485802135387845 657.5323688668958 0.6349312332622653 0.2959698438258917 0.3850794318057723 0.696103388561049 2.9205171233671265 0.0027133231053410767 0.11299432205946956 -0.0003685002360652295
0.10413853183728204 656.1583135666532 -0.8683680180038326 2.0273950935102376 2.6674289811175034 1.023054131665344 4.905704298439966 0.0016002830882845282 0.1265617387021708 -0.00048556321499768665
0.10401741295216434 656.1126330040304 0.4187954356799338 5.545625617437383 0.4899132965731308 1.2080538883258258 2.128407248296299 0.0019630408360392774 0.12845965668826193 -0.0002693983626251572
0.10387467768633331 656.0620856380549 -0.7778855769768155 2.2589380559168877 2.594961371789104 1.1447299154481447 4.770459196344516 0.0016597397792390207 0.161670340141445 0.0004736844354096115
0.1026437251564735 656.0361281981511 -0.7085153827120532 3.2149267907262353 2.612089578791964 0.27993659353504874 5.749784607666547 0.007677033164561101 0.1276927210377998 -0.0003011912749585434
0.104165200242994 656.7198434125512 -0.8141777536838534 3.3265262909372075 2.956848672846387 0.28581933674849075 5.574523103176627 0.005098043922397027 0.15554812192024264 -0.00030274927567645383
0.10355963154631544 656.1906664139163 -0.7036458009384683 3.387407912256537 2.73542956215181 0.445941178684631 5.264945912781153 0.0026608048295182034 0.1914697947908959 -0.00041322502749581636
0.10375153518230577 656.784209086479 -0.6592084135437655 3.2396034664707223 2.6816492481499963 1.1229864801544889 6.03534411716984 0.004985290963584262 0.099377307221286 0.00030597540265696126
0.10231571332408572 655.8386769945643 -0.7787325562699954 3.3848006794954273 2.7343342046517902 0.379882046795113 5.778103842541066 0.00780951520462482 0.13691866615569537 -0.00031669052478075385
0.10285426709163982 655.8812079944807 -0.7661883951076852 3.338761275739768 2.8757144588265997 0.4100091147652892 5.879847464068255 0.006125432192927698 0.12467064281725032 -0.0003268328041672957
0.10541452077468765 657.7918435382346 0.8293289168508459 0.1283533451299247 0.3887674765893585 0.5460206183583873 3.1923183634531624 0.001350787508183769 0.07674282491676654 -0.00037634834561080043
0.10380567331191601 656.1457049843817 -0.7477300025431889 2.6539374930746704 2.7830988070025464 0.5144915209237425 5.000390078987396 0.0026633926861815292 0.1670594245940243 -0.00041976417683383066
0.10391465588670196 656.6826391781615 -0.7722098317895754 3.1568114305100408 2.987951541680446 0.647881517245516 5.35502336655617 0.005242786385525658 0.16523016315882957 -0.00043877304710190045
0.10475311476468463 656.7627825485956 0.6251689314358971 6.103162314717468 0.2839390934933717 0.4372764798042696 2.4610650139823167 0.003070276646487709 0.12747312998114232 -0.00017619860941778996
0.10364720388128099 656.2396697960116 -0.7479502479102048 3.341106600617558 3.052234055944927 0.454209258711117 5.381102164481127 0.0028969614024570095 0.17465765206602235 -0.0003806567633426413
0.10474263757217218 656.6982840677488 0.7018815523178094 6.23904218603059 0.1502387652180506 0.4536921143533293 2.5454721740236432 0.002924841038754208 0.12739081845714278 -0.0002792668922997166
0.10360133230320187 656.7115171887544 -0.7024867276141437 3.3058374678527453 3.021700385613144 0.9393683627507905 5.950343949065623 0.005176399649955633 0.11517553794038636 0.0002594491898214443
